  -13.21472    
  -79.94459    
   18.63571    
  -59.48932    
  -39.26572    
   14.73405    
  -23.02857    
  -40.83018    
   2.338305    
  -8.768100    
  -9.194942    
   23.95840    
   2.309547    
  -16.37543    
  -6.273406    
   10.30959    
  -7.883807    
  -19.76593    
   3.486516    
 -0.6635030    
  0.9118605    
  -2.882273    
  0.4166983    
   23.32435    
 -8.3549172E-02
  -14.31332    
   4.637912    
   2.360760    
  -2.155194    
  -7.256108    
  -3.126754    
  -6.041524    
  -6.504878    
  -6.035729    
  0.9538273    
  0.5737280    
 -0.9836113    
  -1.514075    
   1.613808    
   2.451540    
  -3.196431    
   5.198777    
  -2.125060    
  -1.584683    
 -0.5542017    
 -0.7223809    
  0.9076554    
  0.4903940    
 -0.5615612    
 -0.8838919    
   2.145244    
  0.1135597    
 -0.5263143    
  -1.177849    
 -0.5724049    
 -0.3449783    
 -4.6437841E-02
   1.852443    
 -0.7123743    
   1.225034    
 -0.6057695    
  0.8661088    
  0.4306304    
  0.2033244    
 -5.9498206E-02
  0.1211540    
  1.7475719E-02
  0.9597979    
   4.438978    
   4.494848    
   1.029428    
  0.3426229    
  0.5379112    
  0.8111638    
  0.1891290    
  0.2455380    
  0.3441906    
  0.6238064    
   1.964446    
  -4.706064    
  0.3891152    
 -1.3493359E-02
 -5.3357191E-02
 -3.9551411E-02
   6.126275    
  -256.6193    
  -77.59097    
  -502.8645    
   21.19931    
  -54.60707    
   53.85002    
  -6.179898    
  0.8358425    
  -1.791906    
  -35.43771    
  -305.2413    
   17.55035    
   35.18015    
   18.37214    
   17.77530    
   121.8063    
  -2.513785    
  -29.09459    
   11.62759    
   8.544030    
 -0.6886612    
   17.56369    
  -158.5772    
   12.93866    
   3.722108    
  -6.583140    
  -3.613028    
  -5.416409    
  -1.038974    
   78.90126    
   13.03332    
  -12.73052    
  -4.233030    
  -8.003092    
  -5.579512    
  -3.099432    
   1.713038    
  -23.15720    
  -50.75238    
   2.364834    
   5.052205    
   2.476802    
 -0.3339706    
 -0.8599245    
   1.193374    
   2.804708    
  -2.342291    
   45.34728    
   12.11366    
   7.112047    
 -0.7221782    
   2.804348    
   3.836982    
   2.352954    
   1.949581    
  0.7538376    
  -4.943845    
  -23.00093    
  -11.10114    
  0.6324027    
 -0.4187946    
  9.9971272E-02
   1.674616    
   1.681289    
  0.3195373    
 -0.2814576    
   1.714704    
   2.998319    
  -5.076231    
   2.273457    
  0.6534404    
  -1.164590    
  -1.410826    
 -0.5527877    
 -0.5864613    
 -3.4481068E-03
   1.035428    
  -2.573102    
  -6.433235    
 -0.6936848    
  0.1716207    
 -0.5027767    
  -1.452404    
   3.284377    
  0.5515571    
   36.90012    
   5.846980    
  -7.029765    
  0.4411301    
   28.25632    
  -3.051514    
  -6.381988    
   11.11645    
   12.66690    
 -1.7924372E-02
  -6.858161    
  -9.413328    
  -3.071067    
  -4.809883    
   21.79220    
  -14.29283    
   3.182844    
  -1.424716    
  -3.183874    
   14.71193    
  -11.95137    
  -2.145234    
   11.52305    
  -9.507738    
   1.914618    
   1.337702    
   6.976038    
   6.273296    
  -11.85770    
   11.77476    
   2.941510    
  -3.967871    
   1.106736    
   1.626380    
   1.062991    
  -5.206441    
  0.7377727    
 -0.8070439    
  -3.213186    
 -0.9994564    
  -1.178785    
 -0.2685414    
  5.0292555E-02
 -0.3303936    
 -0.7540307    
  -4.673589    
  -9.393115    
   12.20299    
 -0.3526465    
   1.710864    
 -0.1617750    
 -0.5046805    
 -0.6332142    
 -0.4014378    
  -1.019341    
  -1.388085    
   5.252497    
  -4.050215    
   1.197119    
 -3.3172857E-02
 -3.8332071E-02
 -0.1884082    
 -0.2745034    
 -5.9620965E-02
 -6.2303141E-02
  -1.196225    
  -4.619709    
 -0.1606882    
   1.569769    
  0.2147551    
  2.6939407E-02
  2.6797326E-02
 -2.8104959E-02
  7.9351582E-02
  0.1062266    
 -0.4472065    
   3.281211    
 -0.2359539    
  9.6286060E-03
  8.6960584E-02
  0.1029049    
  0.2699975    
  -41.18839    
   8.870800    
  -29.65757    
 -0.1664874    
   16.62655    
   13.34308    
   1.137519    
  -1.217006    
   8.795652    
   9.277621    
   2.133292    
   12.88182    
   21.66008    
  -3.897222    
   3.399598    
   3.147398    
   4.515867    
   5.990577    
  -5.891282    
  -7.298357    
  -3.458740    
  -2.990216    
  -7.852470    
 -0.2231030    
   19.16923    
   2.347870    
  -1.461069    
  -2.409439    
 -0.8156295    
  -7.310053    
   4.016468    
   2.199850    
  -2.184205    
  -3.290488    
  0.7403290    
  0.7029673    
   1.246061    
  -1.787399    
 -0.5312399    
  -4.305090    
  -10.93534    
  -3.444780    
  -1.231557    
  0.8085033    
   1.057824    
  0.7573530    
 -0.3798757    
   1.354303    
   2.008265    
  -2.365641    
  -1.263506    
  -1.721600    
 -0.3468818    
 -2.1470798E-02
 -0.1063644    
 -0.2369492    
 -0.1214430    
  0.2484425    
   4.803423    
  -9.752970    
  0.8947799    
  0.1962908    
 -0.2565812    
 -0.4423564    
 -0.5476120    
 -0.2804507    
  0.2388729    
 -0.3379823    
   3.784329    
 -0.4334164    
  0.2093625    
 -0.1761569    
  6.9151618E-02
 -2.5756523E-02
  1.9812390E-02
 -7.9126805E-03
 -0.1958713    
 -0.7832046    
 -0.3670368    
   2.487930    
  0.8464853    
 -0.2002061    
  4.5306735E-02
  0.2771608    
   73.84722    
   163.0076    
  -94.38668    
  -12.70274    
   21.66895    
  -17.14900    
  -32.97881    
   101.3674    
   20.54138    
   12.72654    
  -13.09011    
  -39.69261    
  -10.85404    
   11.72902    
   4.365896    
   5.031489    
   14.67261    
  -119.8640    
  -13.87625    
  0.2760233    
  -2.900136    
   14.81705    
   41.77551    
   37.39923    
  -20.12148    
   8.043039    
  -2.225385    
  -2.748835    
   3.391212    
   18.19616    
   40.81524    
  -17.25718    
  -1.212193    
   6.186352    
   2.123844    
   1.184449    
   2.475526    
   5.435748    
   1.027052    
   3.427507    
   4.236468    
  -8.802560    
   2.618035    
   2.498116    
   1.440900    
  0.9892200    
  -1.754102    
  -7.679078    
   13.55945    
   23.30084    
 -0.1990615    
  -2.042678    
 -0.2594365    
 -0.1463808    
 -0.4465328    
 -0.3927269    
  -1.058989    
  -4.945886    
  -7.925373    
   10.36006    
  -2.843790    
  -2.394886    
 -0.7009683    
  -1.075045    
 -0.9737638    
 -0.6300567    
  0.5829262    
 -0.2509924    
  -5.275883    
   3.096632    
  1.8395893E-02
 -0.9913064    
  3.7145797E-02
 -0.2077122    
  2.3637285E-02
 -6.6598512E-02
  0.2404363    
 -0.7067987    
  -2.679571    
   4.166444    
  0.1446213    
 -0.3461860    
  0.4684531    
  0.8053963    
   25.31168    
   85.79814    
  -8.742805    
   32.28782    
   28.64747    
   21.40568    
   74.99677    
  -6.804998    
  -4.025505    
  0.4282863    
   28.04600    
  -154.8965    
  -3.529192    
   18.12077    
  -4.531151    
   27.10601    
  0.7816364    
  -5.002083    
  -6.549882    
  0.6073502    
  -3.692303    
  -6.057815    
   11.04606    
  -151.0849    
   2.574821    
   11.94024    
  7.5845867E-02
  0.3728215    
  0.2036862    
  -8.018858    
  -4.667186    
   20.76814    
   12.94827    
  -2.468174    
  0.3202457    
   1.607216    
  0.8465757    
   5.985838    
  -15.00595    
  -45.63125    
  -7.790443    
  -2.968199    
  7.0717655E-02
  0.3502234    
  0.2897127    
 -0.2356344    
 -9.9158555E-02
  -2.334692    
   5.211082    
   8.621719    
  -3.658751    
  0.9194163    
  5.5362266E-02
 -0.1117586    
 -0.7097651    
 -0.3971723    
 -0.1032148    
  -1.213509    
  -7.738423    
  -7.300743    
  -2.703188    
  0.2882440    
 -4.9642239E-02
 -0.3314144    
 -0.3519930    
  2.5397176E-03
  0.3694853    
 -5.4913092E-02
   5.736650    
  -7.501154    
  0.5575465    
 -4.5599155E-02
 -4.0001431E-03
 -6.3860081E-02
  0.1782591    
  0.1402746    
 -6.5956399E-02
 -0.7350639    
  -4.406971    
   1.075966    
 -0.2653998    
 -6.3450888E-02
  0.1059430    
  0.4352419    
  -316.3035    
  -9.426503    
  -5.525525    
  -90.24683    
  -23.13893    
  -16.94421    
  -55.18050    
  -17.32810    
   12.44831    
  -9.631226    
   33.54591    
  -7.740614    
   35.24255    
   12.37413    
  -1.831966    
   20.56406    
   46.53109    
  -15.02188    
   14.42779    
   1.773102    
  0.3614553    
  -10.83498    
   18.85810    
  -7.360886    
  -6.823734    
   20.12493    
  -1.623454    
  -1.764897    
  -5.767827    
   2.875097    
  -7.881236    
   30.70750    
   5.720273    
   4.130682    
  -2.586025    
  -1.874327    
  -1.990825    
   8.779083    
  -11.88018    
   14.28908    
  -6.883160    
   4.083623    
   1.778551    
 -0.1127025    
 -9.1847211E-02
  0.2365489    
   3.284857    
  -3.317945    
  -14.15526    
   14.35604    
  -5.352190    
  -1.460422    
  0.8855001    
   1.266884    
  0.7959263    
  0.6395701    
   2.745570    
  9.3556687E-02
  -10.17205    
  -5.164947    
  -2.021876    
 -0.4521106    
 -9.0189852E-02
  0.3858454    
  0.4950209    
  0.1757174    
  0.9980980    
  -2.625148    
 -0.2683985    
  -5.151894    
 -0.5570516    
  0.8018621    
 -0.4716125    
 -0.5629429    
 -0.2692533    
 -0.3032143    
 -3.5542551E-02
 -0.9847332    
  -1.950162    
  -1.504953    
 -0.9709733    
  0.4562529    
 -9.4304644E-02
 -0.3850695    
  -72.86539    
  -57.45700    
  -18.97274    
   2.128953    
  -9.767773    
  -3.386609    
   2.473435    
   11.06446    
   19.89938    
   6.199265    
  -21.02576    
   2.357994    
  -6.885386    
   5.255958    
   5.691093    
   2.030491    
   4.908500    
   2.256672    
   1.319612    
 -3.1684134E-02
 -0.1419028    
  -3.519805    
  -14.49427    
   3.240776    
  -6.928680    
 -0.9197555    
  -2.674260    
 -0.4597558    
   3.851395    
   1.945868    
 -0.7305340    
  0.9961388    
  -6.280052    
  0.4662206    
 -0.9486914    
 -4.2824153E-02
   1.653686    
   3.664021    
   10.19907    
   1.009468    
 -7.6514445E-02
  -2.653915    
  0.8630111    
  0.6120941    
  0.1358810    
  0.2361627    
   1.649962    
  0.5081785    
  -1.689877    
   2.567842    
  0.9077179    
 -0.5651853    
  0.3460060    
  0.5275750    
 -5.6080084E-02
 -8.2003899E-02
 -0.2638602    
 -0.7019772    
   6.944979    
   3.585978    
  0.2137171    
 -0.1171062    
 -0.1524758    
 -0.1174580    
 -3.8809646E-02
 -1.0933240E-02
  6.1243907E-02
 -0.4480788    
 -0.7947068    
   3.117657    
 -0.7929423    
  0.2094787    
 -1.5115380E-02
 -0.1933618    
  5.5882253E-02
  1.4213469E-03
  0.1133686    
 -0.8737062    
  -2.628080    
  0.6476331    
 -0.6146778    
 -6.7815766E-02
  4.9774401E-02
 -4.2412668E-03
  -84.68616    
   91.54782    
  -49.44308    
  -9.832414    
   5.114580    
  -12.25640    
  -31.99688    
   11.54918    
  -12.90468    
  -1.690356    
  -56.16711    
  -2.085997    
   30.59976    
  -4.445436    
   1.017514    
  -23.36667    
   23.02976    
  -8.578537    
  -4.653392    
   2.461414    
  0.8430605    
 -0.4161550    
  -9.584084    
  0.3713596    
   11.74417    
  -5.279964    
   1.001847    
  0.9559078    
 -0.7262925    
 -0.5905237    
   11.67447    
   1.731596    
   8.799906    
  -3.816225    
  -1.592242    
 -0.1436876    
 -0.9444188    
  -2.423499    
   8.327435    
  -1.031610    
   1.045096    
   4.207825    
   1.719975    
 -0.3976053    
 -0.4166435    
  0.1038633    
  -1.969967    
   4.588321    
  -2.736169    
  0.8876185    
 -9.7983867E-02
 -0.8000048    
  0.3102045    
  0.9252018    
  0.1482757    
  0.1004105    
  0.2492183    
   2.256569    
   3.339170    
  -2.824747    
   2.335459    
  5.4543413E-02
 -6.9540545E-02
  0.3688135    
  0.3317544    
  9.2162035E-02
 -0.2097528    
 -2.0788221E-02
  0.1773329    
  -4.882240    
  0.1760915    
 -0.1164370    
 -5.3644277E-02
 -0.3695726    
  6.0370872E-03
 -4.2536747E-02
 -0.2219355    
  0.4782552    
   1.899203    
 -0.7419720    
 -0.7564734    
 -1.7231096E-02
  0.1332500    
 -0.1363513    
  -14.02474    
   195.6691    
  -92.56799    
  -27.72189    
  -32.91570    
   25.56792    
  -27.86084    
   5.603821    
  -20.83009    
   12.09329    
   5.246163    
  -10.47466    
   24.23221    
   14.67059    
  -1.477361    
   15.40729    
   6.944920    
  -67.27434    
   3.851679    
 -0.9076968    
 -0.2224338    
  -5.275291    
   16.95360    
  -28.64817    
  -33.34633    
  -9.840763    
  -3.114085    
 -0.4515817    
  -1.367509    
  -17.08311    
  -1.386108    
   16.77255    
  -2.024884    
  -3.311867    
 -0.6987800    
 -0.2923616    
 -0.3637256    
  0.6394743    
  -2.070245    
  -2.777524    
   8.297193    
  -1.139579    
   1.664422    
  0.6381354    
  8.4807977E-02
  8.3406143E-02
  0.9139647    
  0.2047369    
  -2.343957    
   18.33725    
   2.595927    
   1.264653    
  0.7529215    
  0.4642061    
  0.1353249    
  0.3144709    
  0.2120987    
   1.413136    
  -5.760103    
   8.001084    
 -0.1004731    
 -0.2673487    
 -6.4487293E-02
  5.9789892E-02
  0.1522450    
  9.4152413E-02
  9.6351817E-02
  0.6823515    
   6.635390    
   2.906013    
  3.4997508E-02
 -0.6840291    
 -0.4640282    
 -0.2929159    
  2.5818402E-02
 -0.1848836    
 -0.3132498    
 -0.3641517    
  -1.255356    
 -0.3050414    
 -0.4581538    
 -7.8521438E-02
  2.8573046E-02
  0.1471175    
   292.6207    
   1984.083    
  -292.0320    
  -796.9589    
   29.39375    
   180.5703    
   598.4600    
  -320.8311    
   9.623479    
   59.00387    
  -40.29396    
  -1036.612    
  -177.2347    
  -65.85432    
  -22.85597    
  -4.437403    
  -525.7690    
   65.44554    
   34.04107    
  -23.68784    
  -22.92484    
  -18.26365    
  -18.03919    
  -434.1367    
   44.52539    
  -11.35918    
   4.854177    
 -0.1185593    
   2.963045    
   32.27030    
  -253.9025    
   153.1539    
  -4.676414    
   6.279358    
   10.34777    
   9.309674    
   8.705679    
   4.420566    
  -44.93263    
  -203.1660    
   14.98247    
  0.2243823    
  -1.224159    
   1.647418    
   2.583787    
 -0.1391383    
  0.3640691    
  -18.47907    
  -144.2092    
   52.60670    
  -15.80291    
  -2.322731    
  -3.587446    
  -4.597406    
  -3.635679    
  -3.091553    
  -1.240775    
 -0.1178939    
  -11.70724    
  -5.965989    
   5.694819    
  0.5726235    
 -0.6311138    
  -2.677191    
  -2.646617    
 -0.9578929    
  0.1766425    
  -2.948742    
  -2.592495    
   3.966393    
  -1.546855    
  0.1648446    
   1.194819    
   1.545496    
   1.255738    
  0.7823732    
 -7.3368430E-02
  -2.388045    
   3.571075    
   2.250033    
  0.5721804    
  0.3997547    
  0.7080922    
   2.008974    
  -57.62426    
   5.686523    
   5.208844    
  -92.70565    
  -73.95374    
   10.39738    
   8.104365    
   40.52495    
   33.57993    
  -9.993711    
  -18.79710    
   50.90189    
  -2.139892    
   7.817424    
   2.358011    
  -2.194198    
   26.91373    
  -4.146417    
   2.774679    
  -6.019723    
  0.7709490    
   8.163084    
   22.57918    
   16.73462    
   15.74388    
  -1.315295    
  0.1292717    
 -0.3778398    
   2.822839    
  0.2306288    
  -2.887946    
  -6.653251    
  -6.504841    
  0.8448950    
   1.394455    
  0.1993650    
 -0.4791694    
   2.490912    
  -8.681144    
   8.274792    
  -2.952444    
  0.8032209    
 -0.4625857    
  0.1455458    
  0.2363425    
 -0.3677028    
 -0.1238487    
  -2.273489    
 -0.9512996    
   2.465522    
  -2.057149    
 -0.3255378    
 -0.7286912    
 -0.6118955    
 -8.8122167E-02
 -0.1867376    
  0.2094804    
 -0.2763513    
  -7.962595    
  -6.673698    
   1.257341    
  0.1503589    
  3.1193070E-02
 -0.2700891    
 -0.2532512    
 -1.5073253E-02
  0.1944091    
 -9.8552302E-02
  -2.405508    
   1.036221    
 -4.3086533E-02
  3.4858495E-02
  0.3059721    
  0.3246931    
  0.3786637    
  0.2120092    
  4.3901093E-02
  0.2554470    
 -0.1418608    
  8.0100253E-02
  0.1194966    
 -8.4243668E-03
  4.2254984E-02
  5.5128153E-02
  -70.72107    
  -86.15805    
  -6.699223    
   8.915624    
  -54.83027    
   7.518015    
  -20.22899    
  -50.22808    
  -10.07714    
   5.102424    
  -34.97643    
  -9.892130    
  -58.81769    
 -0.9137746    
 -0.3534060    
   3.044741    
   3.932086    
   7.647149    
  -24.05548    
  0.8674735    
 -0.9020888    
   5.943959    
  -14.41569    
   1.843942    
  -7.932927    
  0.6208797    
  0.6488513    
  0.6538172    
   3.399161    
  -10.14926    
 -0.4956901    
   7.948693    
  -3.126826    
  -1.018890    
  0.8043253    
  0.2714128    
  -1.966675    
  -4.500474    
 -0.8772033    
   3.594441    
   6.794455    
  -2.327006    
  -1.086479    
 -8.2863413E-02
 -7.8433536E-02
 -8.3342955E-02
  0.9578899    
 -0.2237580    
 -0.9872925    
  0.4562921    
   4.357871    
  -1.679349    
  0.2625003    
 -0.2530615    
  6.6223465E-02
  0.2627682    
  0.2000156    
  -1.466486    
   2.894784    
   2.487916    
   2.064230    
  0.1959816    
  0.1288748    
  1.3261008E-02
  0.2716583    
  0.3897818    
 -6.8074904E-02
 -0.3048139    
   4.489693    
   1.119047    
 -6.3316695E-02
 -0.2940753    
 -4.7768220E-02
  0.1324373    
  0.1292607    
  0.1282011    
 -8.3989948E-02
  0.8891162    
   1.438589    
   2.389896    
  0.7483860    
 -3.1195221E-02
 -0.1067978    
 -0.1140485     read_acoef: read file coeff_hflux.dat
 read_acoef: read file coeff_hflux.dat
 read_acoef: read file coeff_hflux.dat
 read_acoef: read file coeff_hflux.dat
 read_acoef: read file coeff_hflux.dat
 read_acoef: read file coeff_hflux.dat
 read_acoef: read file coeff_hflux.dat
 read_acoef: read file coeff_hflux.dat
 read_acoef: read file coeff_hflux.dat
 read_acoef: read file coeff_hflux.dat
 read_acoef: read file coeff_hflux.dat
 read_acoef: read file coeff_hflux.dat
 read_acoef: read file coeff_hflux.dat
 read_acoef: read file coeff_hflux.dat
 read_acoef: read file coeff_hflux.dat
 read_acoef: read file coeff_hflux.dat
 read_acoef: read file coeff_hflux.dat
 read_acoef: read file coeff_hflux.dat
 read_acoef: read file coeff_hflux.dat
 read_acoef: read file coeff_hflux.dat
 read_acoef: read file coeff_hflux.dat
 read_acoef: read file coeff_hflux.dat
 read_acoef: read file coeff_hflux.dat
 read_acoef: read file coeff_hflux.dat
 read_acoef: read file coeff_hflux.dat
 read_acoef: read file coeff_hflux.dat
 read_acoef: read file coeff_hflux.dat
 read_acoef: read file coeff_hflux.dat
 read_acoef: read file coeff_hflux.dat
 read_acoef: read file coeff_hflux.dat
 read_acoef: read file coeff_hflux.dat
 read_acoef: read file coeff_hflux.dat
 read_acoef: read file coeff_hflux.dat
 read_acoef: read file coeff_hflux.dat
 read_acoef: read file coeff_hflux.dat
 read_acoef: read file coeff_hflux.dat
 read_acoef: read file coeff_hflux.dat
 read_acoef: read file coeff_hflux.dat
 read_acoef: read file coeff_hflux.dat
