           1           2           3           4           5           6
           7           8           9          10          11          12
          13          14          15          16          17          18
          20          22          24          26          28          30
          32          34          36          38          40          42
          44          46          49          52          55          58
          61          64          67          70          73          76
          79          82          86          89          92          95
          98         101         104         107         110         113
         116         119         123         131         144         170
