      518400
      519300
      520200
      521100
      522000
      522900
      523800
      524700
      525600
      526500
      527400
      528300
      529200
      530100
      531000
      531900
      532800
      533700
      534600
      535500
      536400
      537300
      538200
      539100
      540000
      540900
      541800
      542700
      543600
      544500
      545400
      546300
      547200
      548100
      549000
      549900
      550800
      551700
      552600
      553500
      554400
      555300
      556200
      557100
      558000
      558900
      559800
      560700
      561600
      562500
      563400
      564300
      565200
      566100
      567000
      567900
      568800
      569700
      570600
      571500
      572400
      573300
      574200
      575100
      576000
      576900
      577800
      578700
      579600
      580500
      581400
      582300
      583200
      584100
      585000
      585900
      586800
      587700
      588600
      589500
      590400
      591300
      592200
      593100
      594000
      594900
      595800
      596700
      597600
      598500
      599400
      600300
      601200
      602100
      603000
      603900
